1,7,0,0,0,0,0
2,10,2,0,0,0,0
3,0,0,0,0,0,0
4,10,0,0,0,0,0
5,7,1,0,0,0,0
6,0,0,0,0,0,0
7,7,0,0,0,0,0
8,4,0,0,0,0,0
9,5,1,0,0,0,0
10,7,0,0,0,0,0
11,4,0,0,0,0,0
12,7,0,0,0,0,0
13,7,0,0,0,0,0
14,0,0,0,0,0,0
15,7,2,0,0,0,0
16,4,0,0,0,0,0
17,8,1,0,0,0,0
18,11,0,0,0,0,0
19,5,0,0,0,0,0
20,2,2,0,0,0,0
21,7,0,0,0,0,0
22,2,0,0,0,0,0
23,2,0,0,0,0,0
24,7,0,0,0,0,0
25,4,2,0,0,0,0
26,1,0,0,0,0,0
27,7,0,0,0,0,0
28,6,0,0,0,0,0
29,5,0,0,0,0,0
30,7,1,0,0,0,0
31,5,1,0,0,0,0
32,11,0,0,0,0,0
33,4,0,0,0,0,0
34,5,1,0,0,0,0
35,4,0,0,0,0,0
36,8,0,0,0,0,0
37,8,0,0,0,0,0
38,4,0,0,0,0,0
39,7,0,0,0,0,0
40,5,0,0,0,0,0
41,3,1,0,0,0,0
42,4,1,0,0,0,0
43,9,0,0,0,0,0
44,3,1,0,0,0,0
45,6,0,0,0,0,0
46,9,1,0,0,0,0
47,0,0,0,0,0,0
48,4,0,0,0,0,0
49,7,1,0,0,0,0
50,4,1,0,0,0,0
51,5,0,0,0,0,0
52,6,1,0,0,0,0
53,6,0,0,0,0,0
54,3,0,0,0,0,0
55,3,0,0,0,0,0
56,6,0,0,0,0,0
57,2,0,0,0,0,0
58,4,0,0,0,0,0
59,3,0,0,0,0,0
60,4,0,0,0,0,0
61,3,0,0,0,0,0
62,1,0,0,0,0,0
63,4,0,0,0,0,0
64,0,0,0,0,0,0
65,5,0,0,0,0,0
66,5,0,0,0,0,0
67,4,0,0,0,0,0
68,0,0,0,0,0,0
69,0,0,0,0,0,0
70,3,0,0,0,0,0
71,0,0,0,0,0,0
72,2,0,0,0,0,0
73,1,1,0,0,0,0
74,3,0,0,0,0,0
75,3,1,0,0,0,0
76,2,0,0,0,0,0
77,1,0,0,0,0,0
78,0,0,0,0,0,0
79,5,0,0,0,0,0
80,0,0,0,0,0,0
81,6,0,0,0,0,0
82,2,0,0,0,0,0
83,0,0,0,0,0,0
84,1,2,0,0,0,0
85,1,1,0,0,0,0
86,4,0,0,0,0,0
87,3,1,0,0,0,0
88,5,2,0,0,0,0
89,0,0,0,0,0,0
90,0,0,0,0,0,0
91,3,0,0,0,0,0
92,3,2,0,0,0,0
93,2,0,0,0,0,0
94,2,0,0,0,0,0
95,4,0,0,0,0,0
96,3,0,0,0,0,0
97,3,0,0,0,0,0
98,1,1,0,0,0,0
99,3,0,0,0,0,0
100,0,0,0,0,0,0
101,4,0,0,0,0,0
102,5,0,0,0,0,0
103,0,0,0,0,0,0
104,3,0,0,0,0,0
105,2,0,0,0,0,0
106,2,0,0,0,0,0
107,2,2,0,0,0,0
108,2,0,0,0,0,0
109,1,0,0,0,0,0
110,0,0,0,0,0,0
111,3,1,0,0,0,0
112,0,0,0,0,0,0
113,1,0,0,0,0,0
114,1,0,0,0,0,0
115,0,0,0,0,0,0
116,4,0,0,0,0,0
117,4,1,0,0,0,0
