Yale,1,1,2,3,4,5,6,7,8
Harvard,2,9,10,11,12,13,14,15,16
Princeton,3,17,18,19,20,21,22,23,24
Dartmouth,4,25,26,27,28,29,30,31,32
Columbia,5,33,34,35,36,37,38,39,40
Cornell,6,41,42,43,44,45,46,47,48
Brown,7,49,50,51,52,53,54,55,56
Penn,8,57,58,59,60,61,62,63,64
Georgia Tech,9,65,66,67,68,69,70,71,72
Florida State,10,73,74,75,76,77,78,79,80
Miami,11,81,82,83,84,85,86,87,88
Clemson,12,89,90,91,92,93,94,95,96
Boston College,13,97,98,99,100,101,102,102,104
NC State,14,105,106,107,108,109,110,111,112
Virginia,15,1,2,3,113,114,115,116,117
