1,7,4,0,0,0,0
2,10,5,0,0,0,0
3,0,0,0,0,0,0
4,10,0,0,0,0,0
5,7,7,0,0,0,0
6,0,5,0,0,0,0
7,7,1,0,0,0,0
8,4,1,0,0,0,0
9,5,4,0,0,0,0
10,7,1,0,0,0,0
11,4,2,0,0,0,0
12,7,1,0,0,0,0
13,7,1,0,0,0,0
14,0,4,0,0,0,0
15,7,6,0,0,0,0
16,4,5,0,0,0,0
17,8,2,0,0,0,0
18,11,2,0,0,0,0
19,5,2,0,0,0,0
20,2,3,0,0,0,0
21,7,0,0,0,0,0
22,2,7,0,0,0,0
23,2,0,0,0,0,0
24,7,1,0,0,0,0
25,4,7,0,0,0,0
26,1,1,0,0,0,0
27,7,4,0,0,0,0
28,6,0,0,0,0,0
29,5,0,0,0,0,0
30,7,2,0,0,0,0
31,5,2,0,0,0,0
32,11,2,0,0,0,0
33,4,0,0,0,0,0
34,5,4,0,0,0,0
35,4,4,0,0,0,0
36,8,4,0,0,0,0
37,8,1,0,0,0,0
38,4,0,0,0,0,0
39,7,2,0,0,0,0
40,5,0,0,0,0,0
41,3,2,0,0,0,0
42,4,3,0,0,0,0
43,9,1,0,0,0,0
44,3,4,0,0,0,0
45,6,0,0,0,0,0
46,9,3,0,0,0,0
47,0,1,0,0,0,0
48,4,2,0,0,0,0
49,7,3,0,0,0,0
50,4,9,0,0,0,0
51,5,1,0,0,0,0
52,6,2,0,0,0,0
53,6,0,0,0,0,0
54,3,0,0,0,0,0
55,3,0,0,0,0,0
56,6,1,0,0,0,0
57,2,3,0,0,0,0
58,4,2,0,0,0,0
59,3,0,0,0,0,0
60,4,4,0,0,0,0
61,3,1,0,0,0,0
62,1,1,0,0,0,0
63,4,1,0,0,0,0
64,0,1,0,0,0,0
65,5,4,0,0,0,0
66,5,0,0,0,0,0
67,4,2,0,0,0,0
68,0,0,0,0,0,0
69,0,1,0,0,0,0
70,3,5,0,0,0,0
71,0,0,0,0,0,0
72,2,1,0,0,0,0
73,1,2,0,0,0,0
74,3,2,0,0,0,0
75,3,2,0,0,0,0
76,2,5,0,0,0,0
77,1,1,0,0,0,0
78,0,0,0,0,0,0
79,5,2,0,0,0,0
80,0,0,0,0,0,0
81,6,0,0,0,0,0
82,2,3,0,0,0,0
83,0,1,0,0,0,0
84,1,4,0,0,0,0
85,1,3,0,0,0,0
86,4,6,0,0,0,0
87,3,4,0,0,0,0
88,5,8,0,0,0,0
89,0,1,0,0,0,0
90,0,3,0,0,0,0
91,3,2,0,0,0,0
92,3,2,0,0,0,0
93,2,1,0,0,0,0
94,2,2,0,0,0,0
95,4,6,0,0,0,0
96,3,1,0,0,0,0
97,3,1,0,0,0,0
98,1,3,0,0,0,0
99,3,0,0,0,0,0
100,0,0,0,0,0,0
101,4,1,0,0,0,0
102,5,0,0,0,0,0
103,0,2,0,0,0,0
104,3,1,0,0,0,0
105,2,2,0,0,0,0
106,2,4,0,0,0,0
107,2,4,0,0,0,0
108,2,1,0,0,0,0
109,1,0,0,0,0,0
110,0,1,0,0,0,0
111,3,4,0,0,0,0
112,0,2,0,0,0,0
113,1,4,0,0,0,0
114,1,0,0,0,0,0
115,0,0,0,0,0,0
116,4,1,0,0,0,0
117,4,1,0,0,0,0
